Year	jan	feb	mar	apr	may	jun	jul	aug	sep	oct	nov	dec
1843	6.8	4.7	7.1	9.1	10.9	12.8	16	16.4	16.4	12.2	9.8	9.1
1844	7.7	5.5	7.4	11	11.6	14.9	16	15.6	15.7	12.3	9.6	4.9
1845	6.2	4.4	4	8.3	10.9	15.1	15.6	15.2	14.2	12.4	10.4	8.3
1846	8.1	8.3	8.1	9.4	12.7	17.3	17.3	17.3	16.8	12.7	9.8	5.4
1847	5.6	5.1	6.3	8.1	12.6	13.9	17.5	16.5	14.6	13.4	10.8	8.4
1848	4.8	7.7	7.8	9.6	14.3	13.7	16.1	15.3	15.2	12.4	8.8	9
1849	7.6	8.3	7.5	7.8	11.9	14.9	16.4	17.1	14.9	12.4	9.8	6.9
1850	4.2	7.8	6.3	8.8	10.7	14.8	16.2	15.9	14.7	10.3	9.9	7.9
1851	8.2	6.4	7.5	8.5	10.8	14.8	15.8	17.1	14.9	12.4	6.9	7.2
1852	7.4	6.4	6.2	7.9	10.9	13	17.7	16.1	14.2	10.7	11.1	10
1853	7.8	2.8	3.8	8.1	10.3	12.5	14.4	14.8	13.3	11.9	8.9	5.1
1854	6.1	5.9	7	8.9	10.4	11.5	14.8	15.8	14.7	11.9	8.1	8
1855	4.5	2.5	5.2	6.9	9.3	12.1	15.1	15.8	14.2	12.1	7.8	6.1
1856	6.7	6.7	5.7	8.2	9.6	12.9	14.9	16.4	13.5	12.7	8.6	8.1
1857	5.9	5.4	6.2	7.7	10.9	14.4	16.5	17.1	15.8	13.2	10.5	9.2
1858	5.9	5	6.1	9.1	10	14.7	14.3	15.6	15.6	12.6	7.6	7.9
1859	7.3	7.6	7.9	9	10.3	13.8	18.4	17.2	14.4	12.5	9.2	6.3
1860	7.1	3.9	5.7	5.9	12.1	11.4	13.4	13.3	12.4	11.7	7.8	5.7
1861	3.8	6.5	7.4	7.9	10.5	12.9	14.3	15.7	14.2	14.2	8	7.4
1862	6.3	6.3	7.2	8.7	11.3	12.3	13.9	14.8	14.2	12.6	7.7	8.6
1863	7.2	7.2	7.3	8.8	10.1	12.3	15.1	15.7	12.6	11.8	9.2	8.7
1864	5.4	4.1	7.1	9.1	11.8	12.4	15.1	14.8	14.3	11.8	8.6	6.1
1865	5.4	4.9	3.9	9.9	11.4	14.1	16.1	15.2	17.1	13.6	9.7	7.7
1866	7.9	7	5.7	8.7	9.9	13.9	14.7	14.7	13.2	12.7	9.6	8.9
1867	4.5	8.1	5.2	8.9	11.4	13.2	14.6	15.9	14.6	11.3	8.1	6.3
1868	5	6.8	7.2	8.4	12.3	13.8	17	15.1	15.8	11.5	7.8	9.9
1869	7.2	8.6	4.8	9.1	9.6	12.1	16.1	15.4	14.8	11.7	9.1	5.9
1870	6	4	4.9	8.5	10.7	13.7	15.5	15.3	14.7	12.6	8.1	3.6
1871	3.4	7.1	7.4	8.8	10.3	11.7	14.7	16.4	14.3	12.2	6.5	5.9
1872	7.1	7.9	7.6	8.4	9.2	12.6	15.8	15.4	14.3	10.6	9.2	8.3
1873	6.9	4.3	6.7	7.6	10.1	12.8	15.7	15.4	13.3	11.4	9.2	7.6
1874	7.9	6.6	6.2	9.8	10.2	12.9	15.7	14.8	14.7	12.3	9.3	4.9
1875	8.2	4.4	5.8	7.8	11.6	12.5	13.6	15.6	16.1	11.4	8.5	5.8
1876	5.2	6.4	5.8	8.1	9.1	12.5	16.4	15.9	13.8	12.9	9.3	9.2
1877	8.5	8.1	6.2	7.8	9.1	13.8	14.4	15.5	13.3	12.1	9.9	7.9
1878	6.9	6.8	6.7	8.7	11.2	14.2	15.7	15.7	14.3	12.3	6.7	4.8
1879	3.5	5.4	5.8	6.8	8.2	11.6	12.8	14.7	13	11.7	6.5	3.8
1880	3.3	7.2	8.7	8.6	11.2	12.4	15.8	16.3	15.3	11	8.7	9.4
1881	3.6	6.1	7.7	7.5	10.7	12.7	15.9	15.1	13.8	10.1	10.6	6.5
1882	6	6.4	8.1	9.1	11.8	13	14.4	15.3	13.3	11.8	8.8	6.9
1883	6.6	6.9	3.7	8	10.2	13.2	14.4	15.5	14.2	11.3	8.8	6.8
1884	7.5	6.6	7.4	7.4	11.6	12.8	15.5	17.2	15.4	11.2	8	7.2
1885	4.6	7.3	5.8	7.4	9	13.4	14.7	14.6	14.1	9.5	8.7	6.6
1886	4.8	4.3	5.7	8.6	11	12.9	15.7	15.6	15.7	13.1	9.1	6.4
1887	4.8	5.3	5.1	6.7	9.4	13.8	15.6	16.1	13.3	9.4	7.1	6
1888	5.4	3.3	4.2	6.4	9.6	12.6	13.6	14.1	14.2	10.3	10.2	7.9
1889	5.9	5.3	5.7	7.7	11.4	13.8	15	15	14.7	10.9	9.2	6.3
1890	8.3	5.9	7.2	8.1	11.4	12.7	13.8	14.5	14.8	11.8	8.4	2.9
1891	4.8	6.1	6.8	6.9	9.6	13.4	14.4	14.5	15.1	12.2	8.3	7.8
1892	5.6	6.2	4.9	7.9	11.3	13.3	15	16.4	14.8	10.2	9.9	6.6
1893	5.4	7.5	9.4	11.5	13.2	15.4	16.3	18.1	15.2	12.9	8.6	7.6
1894	5.9	7.4	8.5	10.7	10.3	13.6	15.2	15.3	14.4	12.5	10.4	8.3
1895	4.4	1.1	6.3	8.5	11.9	14.3	15.1	16	17.6	11.1	11.3	8.8
1896	7.3	6.7	9.1	10	12.2	15.4	16.9	15.9	14.4	10.2	7.8	7.2
1897	5.1	8.5	8.3	9.1	10.6	14.8	16.4	16.4	14.2	13.3	10.8	8.4
1898	7.9	7.8	6.2	9.6	11	13.4	16.4	16.8	17.2	14.1	10.2	9.8
1899	8.6	8.2	7.2	9.3	11.3	15.2	16.6	18.7	15.9	13.2	10.7	6.7
1900	7.8	6.7	5.9	9.8	10.8	13.6	17.2	15.9	15.5	12.9	9.7	9.9
1901	6.7	4.8	5.9	9.3	11.2	14.1	16.9	16.6	15.4	12.4	8.7	7.2
1902	7.7	4.9	8	8.8	9.7	13.1	15.2	15.8	15.4	12	9.3	7.7
1903	7.2	7.8	8.4	7.7	11.1	12.2	15.2	14.8	14.4	12.3	9.5	6.3
1904	6.6	5.8	6	8.8	10.7	12.5	16.2	15.4	13.9	12.4	9.1	8.5
1905	6.2	6.9	7.9	8.3	10.3	13.2	15.8	15.2	13.6	10.3	8.2	7.2
1906	7.8	6	6.4	7.7	10.2	12.6	14.7	16.6	15.2	12.2	9.7	6.6
1907	5.9	4.8	7.7	8	10.4	12.1	13.9	15.2	15.1	12.1	10.1	8
1908	5.6	6.8	6.1	7.3	11.2	13.1	15.1	15.7	13.7	14.2	10.6	7.8
1909	6.9	5.2	5.6	9.2	10.8	12.2	14.7	16.1	14.2	12.9	8.5	7.7
1910	6.4	7.4	7.7	8	10.4	13.3	14.2	15.4	13.9	12.7	7.5	9.2
1911	5.7	6.5	6.9	7.5	11.8	13.6	17.1	18.2	16.7	12.4	9.1	9.1
1912	7.6	7.7	8.4	9.5	12.3	13.1	15.3	13.4	12.8	11.8	9	9.1
1913	7.6	6.9	8	8.7	10.7	12.9	12.5	15.4	14.2	13.3	10.8	7.9
1914	5.4	7.9	8.1	8.8	11.2	13.3	15.3	16.1	14.8	12.2	9.4	8.1
1915	6.4	6	6.3	7.8	10.9	13	14.3	15.6	14.8	11.7	7.1	8.9
1916	8.4	5.9	5.6	8.4	11.9	11.4	14.3	16.7	14.4	12.8	8.6	6.4
1917	3.8	3.8	5.2	5.9	11.7	14.7	15	14.8	15	10.5	9.8	5.7
1918	6.1	6.9	6.9	7.6	11.9	12.5	15.2	15.9	13.7	11.2	9.1	9.6
1919	6.2	5.4	6.3	7.4	11.9	13.4	13.6	16.1	14.7	10.4	6.8	8.5
1920	7.5	7.3	8.4	9.2	11.7	13.4	13.7	14.1	14.1	13.1	9.4	7.2
1921	8.9	6.4	7.9	8.6	11.1	13.8	17.6	15.9	16.3	15.6	9.4	9.5
1922	7.8	7.4	6.9	7.6	12.8	13.6	14	14.6	13.6	10.9	8.8	8.2
1923	7.6	8.3	8.4	9.2	10.3	12.9	16.5	15.9	13.9	12.3	6.9	7.7
1924	7.5	5.5	6.9	8.1	11.6	13.3	15.1	14.7	14.6	12.5	9.7	8.1
1925	7.7	7.3	6.4	8.4	10.9	14.6	15.6	15.6	13.4	12.8	7.7	7
1926	7.2	8.7	7.7	9.6	10.9	12.8	16	16.8	16.7	11.8	9.3	7.2
1927	7.4	6.7	8.4	9.1	12.2	12.9	15.3	15.7	13.8	13.2	8.9	5.6
1928	7.9	8.3	7.8	9.2	10.9	13.4	16	16.3	15.4	12.9	10.6	7.4
1929	4.8	3.9	7.2	7.7	10.7	12.9	15.4	15.8	16.8	12	9.9	8.7
1930	8.3	5.4	7.2	8.9	10.9	14.3	15.4	16.4	15.2	13.1	10	8.2
1931	7.2	6.5	6.6	8.7	11.3	14.1	15.1	15.3	13.4	12.1	10.2	8.2
1932	8.5	5.3	6.7	7.9	10.3	13.8	15.4	17.1	15.2	11.7	9.3	8
1933	5.8	6.5	8.9	9.3	12.4	14.8	16.8	17.7	16.3	13	8.4	4.7
1934	6.7	5.2	6.8	8.7	11.1	14.6	17.1	15.4	15.4	12.5	8.6	10.3
1935	7.1	7.6	7.3	9.1	10.4	14.2	16.2	16.3	15.4	11.7	9.3	7
1936	7.8	5.9	8.4	7.9	11.2	13.9	15.1	16	15.6	11.7	8.9	7.8
1937	8	8.6	6.1	9.8	11.9	14.1	15.6	16.9	15.1	12.9	9.2	6.9
1938	8.1	6.6	9.4	8.6	10.9	14.4	14.7	16.2	14.9	12.8	11.4	7.1
1939	7.5	7.5	7.6	9.7	11.1	13.9	15.1	16.4	16.1	11.1	11.1	6.6
1940	4.3	6.7	7.6	9.5	12	15.2	14.9	16.3	15.2	12.1	9.9	6.9
1941	4.6	6.2	7.3	7.6	9.2	14.1	16.6	15.1	15.7	13	9.3	8.6
1942	5.1	3.5	7.7	9.7	11.4	14.1	15.4	16.4	15	13	8.8	9
1943	8.3	7.7	8.4	11.6	12.5	13.9	15.9	16.2	14.5	12.9	9.4	7.4
1944	8.3	5.6	6.8	10.2	11.6	13.5	15.5	17.2	14.4	11.8	9.7	7.3
1945	4.4	8.2	8.4	11.2	12.4	14.4	16.2	16.2	15.9	14	10.4	8.9
1946	6.1	8.2	7	9.9	10.5	12.6	15.5	14	14.5	12.2	10.1	6.3
1947	4.38548390903781	1.94464286523206	6.59838701063587	9.1966667175293	12.5903225867979	14.6866666475932	15.9370968726373	18.4403225683397	15.9099998792013	13.2532258802845	10.5749998728434	7.52741931330773
1948	7.99838704447592	5.88103454277433	10.025806519293	9.31166677474976	11.6838709615892	13.6316668192546	15.5112904579409	15.6806450813047	14.710000038147	12.3709677111718	10.4749999046326	7.61612897726797
1949	7.50483869737194	7.29107140643256	6.95483875274658	10.1433331012726	10.6806451428321	15.1550001780192	17.7000000861383	17.5903224637431	17.4666669845581	14.0177418493455	9.1633333047231	8.07580641777285
1950	6.37903228113728	7.58035714285714	8.25161280170564	8.70666662851969	11.7112902364423	15.5216667175293	15.9887094497681	15.9967739658971	14.0883332252502	11.8967739843553	9.22333342234294	4.59354840940045
1951	6.6741934591724	5.60535715307508	6.07580651775483	7.87833333015442	10.1290323811193	13.7483332633972	15.8177417939709	15.2596773332165	15.2516667366028	12.3290324057302	10.3466667811076	8.18387086929813
1952	5.64032260064156	5.35862070116503	7.75322572646602	9.70333333015442	13.1983870844687	14.4650002479553	16.2758063654746	16.6064516498197	13.0683334032695	11.7387096958776	7.73499991893768	6.49032257449242
1953	5.30483870352468	5.0553572007588	7.28387101234928	8.57833333015442	12.3322579783778	13.5283334414164	15.0354839448006	16.2999999138617	14.958333269755	12.7564515452231	10.1800000190735	10.0274195209626
1954	5.47258059632394	5.02857138003622	7.4032258372153	7.94500001271566	11.0258064885293	12.7650000254313	13.8000000984438	14.6177422000516	13.9566667874654	13.4338709308255	10.1733332316081	8.88387101696384
1955	6.05161300013142	4.77857152904783	4.62096774578094	8.96333328882853	10.2983871275379	13.9150001207987	16.5903225252705	18.5387095174482	15.5583333651225	11.7129032381119	9.80000009536743	9.34354826711839
1956	6.81612903071988	1.65000001726479	7.44838704601411	7.79000000953674	11.6096774378131	12.9033334096273	15.6790322334536	14.3596774378131	15.3250000317891	12.0225807159178	8.53333344459534	8.4822580275997
1957	7.01935489716068	7.45892863614219	10.2790323072864	9.60000003178914	11.122580559023	15.1266665458679	16.1806448967226	15.8467741012573	14.4016667366028	12.8919353792744	8.72999989191691	7.21451600136295
1958	6.23064514898485	7.54821426527841	5.65483868506647	7.78499997456869	11.4790323934247	13.6483333587646	15.2725804236627	15.7983870044831	16.0349998474121	12.4403225991034	9.4266664981842	8.13548381866947
1959	5.96451611672678	6.63750001362392	8.56935485716789	9.85500001907349	12.2451613026281	14.7350001017253	17.129032011955	17.1983871459961	17.4049999554952	14.4338709308255	9.76833329200745	8.47741928408223
1960	6.55806437615425	6.22586214131322	8.11451610442131	9.39833348592122	13.101612921684	15.4333333333333	15.2338707216324	15.7596769948159	14.7166666030884	12.3870967434299	9.79833323160807	6.84516128416984
1961	6.345161268788	8.13392853736877	8.94838708446872	10.9283332824707	12.0193547894878	14.763333384196	16.1983868383592	16.574193339194	16.9616665840149	13.0822581937236	8.88166659673055	6.75483872044471
1962	6.92096790959758	5.8214285671711	4.38709669728433	8.18166669209798	10.241935483871	13.5083335240682	15.6822579599196	15.4467739289807	14.613333384196	12.9564515698341	8.60166657765706	6.08387106080209
1963	1.42903223153084	1.95892858718123	6.42741935483871	8.11333336830139	10.3919355023292	13.9249999682109	15.1387098681542	15.0064516990416	14.1416666984558	12.4806450874575	10.735000038147	5.44516129647532
1964	5.04193541311449	6.22241375364106	6.07419363144905	8.59999997615814	12.5983870413996	14.163333161672	16.35483864815	16.4145162336288	15.9216666857402	11.2193549986809	9.43500003814697	6.93064518128672
1965	5.95161299551687	4.4321428324495	6.87903227536909	8.56833329200745	11.4548387835103	13.6666666666667	14.4112903225806	15.4451614502938	13.381666692098	13.2112903902608	8.05000000794729	8.08548384328042
1966	5.5419354957919	8.06071432999202	7.74193549925281	9.97500001589457	11.4758064208492	14.8633333206177	15.1387097143358	16.0725805528702	16.1316667874654	12.5645161444141	8.10666675567627	8.31774190164382
1967	6.52741928446677	6.74464282819203	7.39516135184996	8.19333337148031	10.7822580183706	13.3150001207987	16.3161292229929	15.9580644792126	14.466666730245	12.4774194532825	8.65833339691162	6.94354844093323
1968	6.85483869045011	4.83965517734659	7.06290311967173	8.26666668256124	10.2532259110482	13.7766666730245	15.3790323503556	15.7354838463568	14.8983332951864	13.740322512965	9.28666658401489	6.17096771732453
1969	7.64516126724982	4.19285722289767	6.56451616748687	8.66499994595845	11.2822580645161	13.4216667175293	16.3064513975574	16.558064399227	15.1683333714803	14.2645160305885	8.56833336353302	6.49999994231809
1970	6.68387093851643	5.64821433169501	5.5548387112156	7.30499997933706	11.6903224452849	14.7799997965495	14.7032257818407	15.8983872628981	15.6050000190735	12.3016129770587	10.7716667811076	6.26774189164562
1971	6.79032256910878	6.15714286054884	5.6532258122198	8.43833338419596	11.2516128786149	12.5599998792013	17.0612904025662	16.1661292352984	16.0000000317891	14.072580675925	8.66500000953674	7.82419354684891
1972	6.133870951591	6.68620691628292	8.0903225175796	8.62500004768372	10.0451613241626	11.2950000127157	14.2612904271772	15.1999999015562	13.635000038147	12.27096772963	8.87666664123535	8.06774197855303
1973	6.21451613979955	5.8749999659402	7.22741936099145	7.65333337783813	11.283870943131	14.3083334604899	15.2629032442647	17.0645159752138	15.2650001525879	11.6887097820159	9.3849999109904	7.48709674035349
1974	7.70806457150367	7.12142848968506	7.03225820295272	8.84666665395101	10.8919355023292	14.0983332633972	14.898387078316	15.574193739122	13.338333384196	9.58225800914149	9.41499988238017	9.34999987386888
1975	8.38709682033908	7.5482143163681	6.26774196470937	8.13000000317891	10.1451613210863	14.8516667683919	16.5790323442028	17.9209677788519	14.6599999745687	11.8145161905596	9.28166664441427	6.88387100927291
1976	7.15645157137225	5.96206899963576	6.53064515513759	7.91666658719381	12.0580645530455	16.7466666857402	17.8693546172111	17.9258064146965	14.7850001653035	12.2241936037617	9.02833334604899	5.84032259833428
1977	5.65000005306736	7.20535712582724	8.15806453458725	8.00500001907349	10.6903226606307	11.9716668128967	15.5967742858394	15.5322580029888	14.0350000699361	13.5693547956405	8.88333330154419	8.33548395095333
1978	5.85483874813203	5.04821428656578	7.28387098927652	7.38666668732961	11.7403226975472	13.0799999872843	14.5322581260435	15.2435484240132	14.7533333778381	13.5338710969494	10.8533333381017	7.63709682803
1979	3.68548390365416	4.68392855567591	6.40161285092754	7.99166656335195	9.91290330117749	13.2200000762939	15.7725805159538	15.3145161290323	14.4166668574015	13.3741935299289	9.62500006357829	8.40967735936565
1980	4.96612906455994	7.522413747064	6.3483871259997	8.97333335876465	11.2564516067505	13.6700000762939	14.4806451489848	16.1951612964753	15.4499999682109	11.5483871275379	8.15166666507721	7.5225806543904
1981	6.92419349762701	5.11071423121861	8.45161287246212	8.51166664759318	10.9806451951304	13.1716666221619	15.3661291060909	16.9983869060393	15.690000184377	11.0274194901989	9.76499996185303	6.11451611211223
1982	6.56935483794059	6.79107147455215	6.99193549925281	9.0383333047231	11.929032387272	15.1783332506816	16.225806636195	15.9209676250335	15.8450001080831	12.067741978553	10.1366667429606	7.12903225806452
1983	8.0322580183706	4.20178571343422	6.83064514590848	7.8383333047231	10.3677420154695	14.2199999809265	19.440322537576	17.411290384108	14.9000000317891	12.1596773824384	10.1983332951864	8.04516126263526
1984	6.43387094620735	5.75344829723753	6.19838708446872	9.18333340485891	9.86129023951869	14.3233333587646	16.8274192194785	17.2983869429558	14.6166665712992	12.6596775054932	10.4583333969116	8.04516126263526
1985	3.93064516205941	5.31607144858156	6.19354840247862	9.04166671435038	11.1709675635061	13.1299998919169	15.9661291491601	15.2596773639802	15.5650000254313	13.0048387435175	7.72833327452342	9.04354836863856
1986	6.82258060670668	1.50178570406778	6.09516130916534	6.41666673024495	10.7112903902608	14.2100000063578	15.0774194040606	14.4322580522107	12.7766666094462	13.0612903410389	9.94000004132589	8.26935489716068
1987	2.45322583183166	5.39642857653754	5.97096775424096	10.4516666412354	10.7338709369782	12.8266665776571	16.0645161290323	16.2774193363805	15.4700002352397	12.2532259418118	9.04166671435038	7.75967748703495
1988	7.77903226114088	6.27758622169495	7.54516126263526	9.19333329200745	12.1290322888282	14.268333307902	14.6870966880552	15.8870968357209	14.5300000508626	12.9435483255694	9.19833339055379	9.18709682649182
1989	7.51290322888282	7.71071425506047	8.90806447305987	7.92333329518636	13.9467741443265	14.9250000317891	17.9612904210244	17.4145162336288	16.35	14.2354839386479	9.94833324750264	8.05483875736114
1990	8.28709679265176	9.03571421759469	9.00645165289602	8.99833329518636	13.6193548633206	13.8366667111715	17.1854838402041	18.5145160613521	15.6199999491374	13.7935483994022	9.34999995231628	6.77258072360869
1991	5.85322579885683	3.85892856121063	8.56935481102236	8.45166668891907	10.5370967465062	12.368333307902	15.987096786499	17.029032245759	16.288333384196	12.0548387035247	8.96166671117147	6.87741936022235
1992	5.99999999615454	6.76034486704859	7.95483879889211	8.90333333015442	13.338709708183	15.2216665585836	16.5048386666083	16.1322580152942	14.3899999936422	10.5790324211121	10.4833333015442	7.32419353915799
1993	8.56935486485881	5.86249995231628	7.77580645007472	9.8733332157135	12.1983870844687	14.65	15.3048388265794	15.4677418739565	14.1699999173482	11.1838708692981	7.67833335399628	8.15161288938215
1994	7.63225801529423	6.65892859441893	8.74838701371224	8.78666667938232	11.6612903533443	14.2816665649414	17.1854836248582	16.5032258495208	14.4083332379659	13.0870967372771	12.0083334287008	9.57258062977945
1995	7.67903222576264	8.86250007152557	7.49838716753067	9.2949999332428	13.0951612226425	14.4700000762939	17.849999858487	19.0806450382356	15.056666692098	14.6967742366176	10.5049998919169	6.82741929542634
1996	7.65322583144711	5.39999995971548	6.81774190933474	9.16666673024495	9.89032253142326	14.968333307902	16.5145160921158	17.1403227160054	14.8966667493184	13.3854838955787	9.11499993006388	6.32903221730263
1997	4.31129031027517	7.97857144900731	9.27903230728642	9.89166661898295	12.6951613118572	14.3183332125346	16.3032257633825	18.9903228513656	16.4783332824707	13.6387096220447	11.1883333206177	8.73387099850562
1998	7.20967741935484	8.12500004257475	8.769354866397	8.86833337148031	13.5532257941461	14.6949999491374	15.4725806328558	16.5080643623106	15.8399999936422	12.6693548387097	8.90499990781148	8.26935477410593
1999	8.01290319042821	7.14285714285714	8.33548387404411	9.8450001557668	13.2580644853653	14.0683333714803	17.3161291922292	17.150000141513	16.5116667111715	12.9290323257446	9.94000007311503	8.10161286015664
2000	7.05322574800061	8.15172415766223	8.06935481102236	8.77500007947286	12.2887096097392	15.0166664123535	15.66612908148	17.1967743289086	16.0316667238871	12.287096669597	9.47000001271566	8.74838699063947
2001	6.9709677696228	7.19339292390006	8.30806445306347	9.14833334287008	12.4274193548387	14.9216667811076	17.329032128857	17.6451612903226	15.3733333905538	15.2274193302278	9.96666668256124	7.07580644084561
2002	8.16774196778574	8.52678578240531	9.29032254988147	9.92999997138977	12.3209677050191	13.9983334541321	15.7935484301659	16.8387095236009	16.253333346049	13.440322537576	11.3799999237061	8.58709676034989
2003	6.32096768963722	6.42142859527043	9.02258063900855	10.6400001049042	12.033870943131	16.2383333206177	17.7596773947439	19.2661289707307	16.5699998537699	12.1612902764351	10.7766665935516	8.18064509668658
2004	7.89677423046481	6.96379308453922	7.42419362068176	9.75333333015442	12.8338709800474	15.7016667048136	15.9387097204885	17.4870965711532	15.8049999872843	12.8822580460579	10.4866665840149	7.820967612728
2005	8.12903236573742	5.68928579347474	7.77419357145986	9.50833341280619	11.6596772901474	15.661666838328	17.0112904579409	17.0951612534062	16.4300000508626	15.0967742858394	9.63499986330668	7.26774190702746
2006	6.54838711215604	5.49642865146909	6.66290326272288	9.15666666030884	12.1741935360816	15.7450000762939	19.0887096774194	17.1016128601566	17.2950001398722	15.2177418431928	11.433333269755	9.00806453151088
2007	9.02741939790787	8.77857146944318	8.28387097389467	11.7233334223429	12.3741934684015	14.883333269755	15.5887096774194	16.0580645222818	14.8450000762939	12.966129056869	10.3366666952769	7.76935482794239
2008	8.49354834710398	7.50344829723753	7.85483883273217	9.25333333015442	13.7854837602185	14.3866665204366	16.2112903287334	16.1822581445017	14.4583334287008	11.6935483563331	9.76166663169861	6.49838705985777
2009	5.37258062824126	5.8696429005691	7.8758065008348	9.62833326657613	11.851612921684	15.025	16.4999998769453	16.4435483255694	15.1799999237061	13.6629032627229	10.928333346049	6.83709680264996
2010	4.28387092967187	5.51785715562957	6.70806451766722	9.24500007629394	11.1774193702206	14.6666667620341	17.0612904640936	16.2516129401422	15.1816666603088	12.8225806451613	8.7899999777476	4.43225805701748
2011	6.43870959743377	7.92678570747375	7.86774193856024	11.9549999237061	12.6516129278368	14.1683334032695	15.5145160921158	15.8725805897867	16.1916666348775	14.0129031519736	12.0494999885559	9.15483879273938
2012	7.95161296475318	5.66379307878429	9.01612904763991	8.60666669209798	11.7741935483871	13.7983333269755	15.491935576162	17.0951613764609	14.656666692098	12.680645250505	9.58500006993612	8.19677419047202
2013	6.74032265909256	5.36785712838173	5.57096771655544	7.92000003655752	10.6677418678038	13.3483333269755	17.064516252087	17.2129032381119	15.6733334223429	14.2967743104504	9.76500007311503	8.85967739166752
2014	8.19032249143047	7.76249997956412	8.57419343148508	10.5333332061768	12.335483981717	15.5366667429606	17.909677320911	16.3306451305266	17.2366664250692	14.596774132021	11.2183334032694	8.60177418493455
2015	7.50806450843811	5.85892862933023	7.79193544387817	10.3983332475026	11.753225726466	14.4349999427795	16.6935483870968	16.4032257756879	14.6700000127157	12.8758065315985	12.2233332475026	11.5661290076471
2016	7.93548391711327	7.16724142534979	7.31612908455633	8.86333333651225	12.4758063285582	14.5399999936422	16.7967741873956	17.4387099358343	16.9050001780192	12.7580644853653	9.72166662216187	8.88064512129753
2017	6.5725806586204	7.59642856461661	9.5209677603937	9.87166679700216	13.346774132021	16.2549997329712	17.0645160982686	16.503225726466	14.6516666412354	13.6677418678038	10.1666667143504	8.29032253449963
2018	8.19032256833969	5.0964285071407	6.87580643930743	10.6599999109904	12.8935483501803	15.6583335240682	18.5951614995157	17.2693546971967	16.0483333905538	13.0967742243121	10.353333346049	9.46290324580285
2019	6.92580644546017	8.51428581987109	9.13548388019685	10.1550000349681	11.9354839324951	14.9550000190735	17.7338711215604	17.3661289830362	15.9016666730245	13.1241934376378	9.41666660308838	8.65806459611462
2020	8.17903224883541	8.43793091280707	8.16451604904667	12.0436666965485	13.2016129339895	15.4083333651225	16.1322581075853	18.312903096599	16.1499998728434	12.575806402391	11.439999961853	8.36290316427908
2021	6.62096768809903	6.96964290950979	8.25645165289602	8.05000006357829	11.2499999384726	15.0266665458679	17.0854839509533	16.4080645038236	16.9700000127157	13.8972580509801	10.2999997138977	

